-10000 9.74892 2.18329
-9979.98 9.42548 2.19097
-9959.96 8.96824 2.21766
-9939.94 8.3881 2.25323
-9919.92 7.69869 2.29849
-9899.9 6.91584 2.3496
-9879.88 6.05736 2.40611
-9859.86 5.1432 2.46701
-9839.84 4.19666 2.5262
-9819.82 3.24944 2.58308
-9799.8 2.36406 2.63234
-9779.78 1.7219 2.69152
-9759.76 1.57112 2.74881
-9739.74 1.65676 2.79919
-9719.72 1.70249 2.83008
-9699.7 2.60362 2.822
-9679.68 3.43737 2.78458
-9659.66 4.13894 2.65895
-9639.64 4.75293 2.56169
-9619.62 5.27921 2.49497
-9599.6 5.71511 2.47325
-9579.58 6.05835 2.4068
-9559.56 6.30746 2.40599
-9539.54 6.46178 2.43424
-9519.52 6.52162 2.46322
-9499.5 6.48827 2.48292
-9479.48 6.35711 2.49082
-9459.46 6.15274 2.51381
-9439.44 5.85971 2.56006
-9419.42 5.4929 2.60003
-9399.4 5.06455 2.59387
-9379.38 4.59661 2.58591
-9359.36 4.14225 2.59075
-9339.34 3.87218 2.60197
-9319.32 4.0674 2.58929
-9299.3 4.59732 2.57324
-9279.28 5.24885 2.56859
-9259.26 5.94799 2.58023
-9239.24 6.66258 2.58504
-9219.22 7.36992 2.54138
-9199.2 8.04959 2.49845
-9179.18 8.68203 2.45498
-9159.16 9.24857 2.4076
-9139.14 9.73184 2.36738
-9119.12 10.0879 2.39838
-9099.1 10.3896 2.37259
-9079.08 10.5413 2.39879
-9059.06 10.565 2.39995
-9039.04 10.4577 2.3455
-9019.02 10.22 2.33629
-8999 9.85629 2.36233
-8978.98 9.37468 2.39749
-8958.96 8.78709 2.41312
-8938.94 8.10847 2.42828
-8918.92 7.35745 2.4642
-8898.9 6.55609 2.50091
-8878.88 5.73033 2.54326
-8858.86 4.91097 2.5879
-8838.84 4.13606 2.60621
-8818.82 3.45457 2.60465
-8798.8 2.92888 2.56857
-8778.78 2.62406 2.52059
-8758.76 2.56814 2.47774
-8738.74 2.71516 2.4247
-8718.72 2.97396 2.36708
-8698.7 3.262 2.30951
-8678.68 3.52397 2.25962
-8658.66 3.72654 2.21595
-8638.64 3.85046 2.21179
-8618.62 3.88544 2.23946
-8598.6 3.82747 2.28891
-8578.58 3.67807 2.35414
-8558.56 3.44493 2.39698
-8538.54 3.14471 2.43704
-8518.52 2.16775 2.53286
-8498.5 1.9008 2.57348
-8478.48 2.41963 2.53223
-8458.46 2.50249 2.53433
-8438.44 2.77683 2.53746
-8418.42 3.22829 2.54618
-8398.4 3.81769 2.56335
-8378.38 4.49638 2.52563
-8358.36 5.22108 2.48548
-8338.34 5.95741 2.45517
-8318.32 6.6787 2.41478
-8298.3 7.36408 2.37613
-8278.28 7.99712 2.35639
-8258.26 8.56495 2.34109
-8238.24 9.05788 2.34737
-8218.22 9.46918 2.37305
-8198.2 9.79478 2.39743
-8178.18 10.0329 2.42159
-8158.16 10.1772 2.43517
-8138.14 10.2423 2.43854
-8118.12 10.2323 2.45217
-8098.1 10.1369 2.48337
-8078.08 9.96715 2.50635
-8058.06 9.72755 2.51634
-8038.04 9.42282 2.52411
-8018.02 9.05839 2.52797
-7998 8.64101 2.52757
-7977.98 8.17965 2.52832
-7957.96 7.68641 2.5387
-7937.94 7.17747 2.5533
-7917.92 6.6735 2.56081
-7897.9 6.199 2.57753
-7877.88 5.7798 2.60384
-7857.86 5.43856 2.63406
-7837.84 5.19026 2.62576
-7817.82 5.04061 2.61757
-7797.8 4.98873 2.62981
-7777.78 4.96589 2.7142
-7757.76 5.08954 2.75008
-7737.74 5.38917 2.64518
-7717.72 5.6855 2.60931
-7697.7 6.03015 2.56108
-7677.68 6.39201 2.47444
-7657.66 6.74306 2.3795
-7637.64 7.06073 2.30101
-7617.62 7.32937 2.23845
-7597.6 7.53806 2.20993
-7577.58 7.67972 2.19926
-7557.56 7.7503 2.18545
-7537.54 7.74863 2.19776
-7517.52 7.67624 2.25503
-7497.5 7.53739 2.3153
-7477.48 7.33914 2.37811
-7457.46 7.0914 2.45392
-7437.44 6.80698 2.50851
-7417.42 6.50159 2.4992
-7397.4 6.19383 2.4866
-7377.38 5.9048 2.50165
-7357.36 5.65679 2.52182
-7337.34 5.46972 2.52317
-7317.32 5.35476 2.48022
-7297.3 5.25616 2.48883
-7277.28 5.3188 2.44961
-7257.26 5.3675 2.43413
-7237.24 5.44427 2.39719
-7217.22 5.54516 2.39142
-7197.2 5.67091 2.36854
-7177.18 5.82321 2.3586
-7157.16 6.00118 2.36721
-7137.14 6.19987 2.39917
-7117.12 6.41079 2.4458
-7097.1 6.62402 2.49667
-7077.08 6.83075 2.54405
-7057.06 7.02548 2.6043
-7037.04 7.20798 2.6287
-7017.02 7.38476 2.6379
-6997 7.56944 2.63574
-6976.98 7.78018 2.63345
-6956.96 8.03297 2.65398
-6936.94 8.33259 2.66986
-6916.92 8.66801 2.66596
-6896.9 9.01647 2.64313
-6876.88 9.3435 2.6376
-6856.86 9.65275 2.60036
-6836.84 9.90331 2.57627
-6816.82 10.0965 2.55792
-6796.8 10.2325 2.5344
-6776.78 10.3185 2.5265
-6756.76 10.3672 2.52497
-6736.74 10.3953 2.50045
-6716.72 10.4217 2.43111
-6696.7 10.4649 2.37283
-6676.68 10.5421 2.349
-6656.66 10.6681 2.33671
-6636.64 10.8548 2.36962
-6616.62 11.1099 2.41272
-6596.6 11.4344 2.46529
-6576.58 11.8204 2.52857
-6556.56 12.25 2.58838
-6536.54 12.6969 2.62679
-6516.52 13.1295 2.64541
-6496.5 13.5153 2.61116
-6476.48 13.8234 2.57777
-6456.46 14.0265 2.56207
-6436.44 14.1021 2.5667
-6416.42 14.033 2.56814
-6396.4 13.8076 2.56319
-6376.38 13.4194 2.55299
-6356.36 12.8676 2.55354
-6336.34 12.1567 2.54441
-6316.32 11.2963 2.53169
-6296.3 10.3012 2.50026
-6276.28 9.19126 2.47342
-6256.26 7.99241 2.46715
-6236.24 6.73792 2.46859
-6216.22 5.47328 2.49655
-6196.2 4.26819 2.53734
-6176.18 3.24249 2.58423
-6156.16 2.57159 2.60968
-6136.14 2.33799 2.61572
-6116.12 2.62918 2.60264
-6096.1 3.52733 2.59676
-6076.08 4.39816 2.60788
-6056.06 5.15485 2.60266
-6036.04 5.76286 2.58544
-6016.02 6.20243 2.55643
-5996 6.46362 2.51992
-5975.98 6.54514 2.49603
-5955.96 6.45474 2.47093
-5935.94 6.21078 2.44722
-5915.92 5.84477 2.39441
-5895.9 5.40406 2.34146
-5875.88 4.9513 2.28465
-5855.86 4.5558 2.22587
-5835.84 4.28367 2.19344
-5815.82 4.20598 2.17849
-5795.8 4.40698 2.15283
-5775.78 4.92799 2.15656
-5755.76 5.6959 2.18589
-5735.74 6.58284 2.21726
-5715.72 7.48442 2.25376
-5695.7 8.33016 2.29727
-5675.68 9.07171 2.34818
-5655.66 9.67419 2.38768
-5635.64 10.1121 2.43366
-5615.62 10.3671 2.48027
-5595.6 10.4277 2.51763
-5575.58 10.2881 2.53236
-5555.56 9.94855 2.54919
-5535.54 9.41458 2.55972
-5515.52 8.69722 2.53091
-5495.5 7.81267 2.50972
-5475.48 6.78306 2.50639
-5455.46 5.64715 2.48514
-5435.44 5.15344 2.48016
-5415.42 5.6949 2.47315
-5395.4 6.27638 2.45609
-5375.38 6.87248 2.40189
-5355.36 7.48617 2.34523
-5335.34 8.12684 2.31264
-5315.32 8.80557 2.2934
-5295.3 9.52716 2.30185
-5275.28 10.2814 2.34322
-5255.26 11.0367 2.40388
-5235.24 11.7653 2.45211
-5215.22 12.426 2.47865
-5195.2 12.9929 2.45308
-5175.18 13.437 2.44354
-5155.16 13.7474 2.43795
-5135.14 13.9166 2.3858
-5115.12 13.9403 2.36749
-5095.1 13.8201 2.36797
-5075.08 13.558 2.37511
-5055.06 13.1607 2.38663
-5035.04 12.6361 2.39279
-5015.02 11.9942 2.39958
-4995 11.2464 2.41582
-4974.98 10.4057 2.42141
-4954.96 9.48676 2.41455
-4934.94 8.5057 2.42869
-4914.92 7.48089 2.42923
-4894.9 6.43401 2.43597
-4874.88 5.39562 2.44721
-4854.85 4.45568 2.45807
-4834.83 4.30647 2.4735
-4814.81 4.92927 2.44136
-4794.79 5.61809 2.43234
-4774.77 6.34821 2.40777
-4754.75 7.092 2.38238
-4734.73 7.79871 2.38271
-4714.71 8.47241 2.39354
-4694.69 9.09719 2.4059
-4674.67 9.65809 2.44168
-4654.65 10.1423 2.47528
-4634.63 10.5397 2.4878
-4614.61 10.8189 2.52621
-4594.59 11.025 2.50712
-4574.57 11.1332 2.48623
-4554.55 11.1449 2.47336
-4534.53 11.0618 2.47789
-4514.51 10.9213 2.42511
-4494.49 10.6716 2.41128
-4474.47 10.3502 2.40453
-4454.45 9.96994 2.38945
-4434.43 9.55266 2.39237
-4414.41 9.14727 2.41562
-4394.39 8.89137 2.43438
-4374.37 9.04099 2.45593
-4354.35 9.54647 2.48599
-4334.33 10.1302 2.51235
-4314.31 10.6591 2.4993
-4294.29 11.0812 2.49141
-4274.27 11.372 2.46003
-4254.25 11.5193 2.42363
-4234.23 11.5199 2.37094
-4214.21 11.3506 2.38712
-4194.19 11.0795 2.38312
-4174.17 10.7019 2.42311
-4154.15 10.2515 2.48597
-4134.13 9.77395 2.51625
-4114.11 9.32574 2.49408
-4094.09 8.96666 2.46536
-4074.07 8.77274 2.43678
-4054.05 8.67535 2.47973
-4034.03 8.74175 2.47896
-4014.01 8.90677 2.4464
-3993.99 9.1561 2.43007
-3973.97 9.45387 2.38168
-3953.95 9.8065 2.34792
-3933.93 10.1473 2.37574
-3913.91 10.4891 2.42758
-3893.89 10.8056 2.49862
-3873.87 11.1268 2.55295
-3853.85 11.4008 2.58475
-3833.83 11.6348 2.61473
-3813.81 11.8302 2.6252
-3793.79 12.0041 2.64156
-3773.77 12.2042 2.66213
-3753.75 12.4933 2.63198
-3733.73 12.8675 2.607
-3713.71 13.2629 2.60946
-3693.69 13.6257 2.6129
-3673.67 13.9222 2.6312
-3653.65 14.1292 2.62685
-3633.63 14.2303 2.63314
-3613.61 14.2162 2.60524
-3593.59 14.085 2.56373
-3573.57 13.8456 2.5534
-3553.55 13.5204 2.51669
-3533.53 13.148 2.48117
-3513.51 12.7852 2.48074
-3493.49 12.5046 2.46382
-3473.47 12.3842 2.43283
-3453.45 12.4891 2.42297
-3433.43 12.8546 2.42181
-3413.41 13.4839 2.43743
-3393.39 14.3607 2.44248
-3373.37 15.467 2.46735
-3353.35 16.7867 2.49561
-3333.33 18.2905 2.53085
-3313.31 19.9191 2.56069
-3293.29 21.5907 2.6068
-3273.27 23.2215 2.64208
-3253.25 24.7387 2.64585
-3233.23 26.0732 2.66947
-3213.21 27.2045 2.63364
-3193.19 28.0598 2.62473
-3173.17 28.6432 2.6003
-3153.15 28.9122 2.60008
-3133.13 28.8637 2.59498
-3113.11 28.49 2.59329
-3093.09 27.8073 2.57364
-3073.07 26.8324 2.53087
-3053.05 25.5733 2.48339
-3033.03 24.066 2.42931
-3013.01 22.3475 2.40089
-2992.99 20.4622 2.36696
-2972.97 18.4626 2.32646
-2952.95 16.4103 2.29418
-2932.93 14.379 2.28243
-2912.91 12.4589 2.29321
-2892.89 10.7606 2.32422
-2872.87 9.41274 2.34939
-2852.85 8.53171 2.40088
-2832.83 8.16316 2.42606
-2812.81 8.24893 2.45386
-2792.79 8.66344 2.49055
-2772.77 9.27212 2.51064
-2752.75 9.94992 2.50445
-2732.73 10.5945 2.48413
-2712.71 11.1355 2.4562
-2692.69 11.5323 2.4256
-2672.67 11.7672 2.39706
-2652.65 11.8382 2.38114
-2632.63 11.755 2.35986
-2612.61 11.5358 2.34363
-2592.59 11.2049 2.32479
-2572.57 10.791 2.31742
-2552.55 10.3262 2.29563
-2532.53 9.84482 2.26606
-2512.51 9.38529 2.22479
-2492.49 8.99203 2.18618
-2472.47 8.71087 2.16973
-2452.45 8.56278 2.12585
-2432.43 8.52346 2.11234
-2412.41 8.54643 2.13526
-2392.39 8.58869 2.18625
-2372.37 8.61677 2.26095
-2352.35 8.60601 2.35347
-2332.33 8.53959 2.40884
-2312.31 8.40958 2.43828
-2292.29 8.17896 2.52042
-2272.27 7.94079 2.52796
-2252.25 7.6896 2.49512
-2232.23 7.4895 2.43648
-2212.21 7.44203 2.40069
-2192.19 7.66028 2.38556
-2172.17 8.18821 2.35523
-2152.15 8.96328 2.36224
-2132.13 9.88267 2.38007
-2112.11 10.8609 2.37531
-2092.09 11.8388 2.38171
-2072.07 12.775 2.40899
-2052.05 13.6585 2.40353
-2032.03 14.4299 2.44881
-2012.01 15.0916 2.49018
-1991.99 15.6115 2.56565
-1971.97 16.0197 2.58937
-1951.95 16.2923 2.57544
-1931.93 16.4511 2.53821
-1911.91 16.4524 2.53281
-1891.89 16.3224 2.51763
-1871.87 16.0682 2.49616
-1851.85 15.6992 2.47239
-1831.83 15.2271 2.44317
-1811.81 14.6659 2.4162
-1791.79 14.0318 2.40557
-1771.77 13.3428 2.41741
-1751.75 12.6186 2.44569
-1731.73 11.8803 2.47489
-1711.71 11.1493 2.51283
-1691.69 10.4458 2.53898
-1671.67 9.78589 2.55633
-1651.65 9.17966 2.5511
-1631.63 8.63038 2.52307
-1611.61 8.13557 2.45812
-1591.59 7.68909 2.40836
-1571.57 7.28322 2.36202
-1551.55 6.91015 2.3372
-1531.53 6.56271 2.3322
-1511.51 6.23491 2.31757
-1491.49 5.92244 2.28825
-1471.47 5.62331 2.25273
-1451.45 5.33888 2.22238
-1431.43 5.0745 2.18652
-1411.41 4.83935 2.17585
-1391.39 4.6438 2.18114
-1371.37 4.49411 2.17552
-1351.35 4.3882 2.1595
-1331.33 4.31724 2.15319
-1311.31 4.27141 2.14618
-1291.29 4.24513 2.12261
-1271.27 4.24003 2.09821
-1251.25 4.26838 2.08741
-1231.23 4.35934 2.08161
-1211.21 4.56387 2.11305
-1191.19 4.92751 2.16289
-1171.17 5.43188 2.21774
-1151.15 6.01265 2.27726
-1131.13 6.61529 2.31011
-1111.11 7.2049 2.34082
-1091.09 7.7584 2.36427
-1071.07 8.25859 2.35266
-1051.05 8.69155 2.31467
-1031.03 9.04561 2.26857
-1011.01 9.3111 2.2435
-990.991 9.4801 2.23758
-970.971 9.47204 2.33783
-950.951 9.50675 2.29734
-930.932 9.35887 2.29271
-910.911 9.10369 2.29014
-890.891 8.74457 2.31102
-870.871 8.28758 2.31871
-850.852 7.74162 2.32976
-830.831 7.11848 2.33469
-810.811 6.43299 2.33848
-790.791 5.70264 2.34033
-770.771 4.94554 2.36358
-750.751 4.14909 2.38289
-730.73 3.49835 2.397
-710.711 3.73697 2.41302
-690.691 3.82113 2.4136
-670.671 3.94751 2.45544
-650.65 4.11866 2.46759
-630.631 4.31587 2.46307
-610.611 4.50737 2.49974
-590.591 4.65703 2.48347
-570.57 4.73163 2.4682
-550.551 4.70498 2.45412
-530.531 4.46034 2.49948
-510.511 4.18421 2.51086
-490.49 3.9093 2.4674
-470.471 3.4631 2.47625
-450.451 3.06002 2.47496
-430.431 2.81829 2.49606
-410.41 2.7665 2.50213
-390.391 2.989 2.49432
-370.371 3.70877 2.48625
-350.351 4.88499 2.48692
-330.33 6.29775 2.49622
-310.311 7.82787 2.50467
-290.291 9.41548 2.50245
-270.271 11.0199 2.48027
-250.25 12.6073 2.45326
-230.23 14.1469 2.41399
-210.211 15.6106 2.38574
-190.19 16.9723 2.32569
-170.17 18.2082 2.23834
-150.15 19.297 2.14698
-130.131 20.2207 2.05959
-110.11 20.9645 1.96044
-90.0898 21.5169 1.8948
-70.0703 21.8703 1.87038
-50.0508 22.021 1.88956
-30.0303 21.9689 1.94098
-10.0098 21.7175 2.0011
10.0098 21.2742 2.05617
30.0293 20.6492 2.09197
50.0498 19.8562 2.13227
70.0703 18.9111 2.19233
90.0898 17.8323 2.24315
110.109 16.64 2.28818
130.13 15.3556 2.3299
150.15 14.0019 2.38521
170.17 12.6031 2.44779
190.189 11.1846 2.4897
210.21 9.77481 2.50983
230.23 8.40886 2.51517
250.25 7.13753 2.50739
270.27 6.0402 2.4872
290.29 5.20801 2.44785
310.311 4.64757 2.40173
330.33 4.26874 2.35948
350.35 3.99587 2.28728
370.37 3.80589 2.22721
390.391 3.73295 2.19041
410.41 3.87746 2.19975
430.43 4.26735 2.22867
450.45 4.75646 2.28379
470.471 5.23065 2.34147
490.49 5.64545 2.39554
510.51 5.98486 2.45618
530.53 6.24337 2.43187
550.551 6.42011 2.41898
570.57 6.51696 2.3993
590.59 6.50804 2.42717
610.61 6.45907 2.42178
630.631 6.38259 2.38985
650.65 6.22864 2.40488
670.67 6.04595 2.41655
690.69 5.85702 2.43497
710.711 5.68826 2.43724
730.73 5.56667 2.44508
750.75 5.51444 2.45677
770.771 5.54463 2.46694
790.791 5.66094 2.47428
810.811 5.86091 2.48755
830.83 6.1384 2.50545
850.851 6.48353 2.52945
870.871 6.88139 2.56574
890.891 7.31192 2.60883
910.91 7.75159 2.61468
930.931 8.17574 2.59089
950.951 8.56053 2.55811
970.971 8.85832 2.56096
990.99 9.10464 2.49868
1011.01 9.24694 2.44399
1031.03 9.30418 2.35433
1051.05 9.22092 2.3136
1071.07 9.01044 2.29304
1091.09 8.6687 2.29334
1111.11 8.19503 2.29919
1131.13 7.60658 2.31218
1151.15 6.88393 2.36554
1171.17 6.0521 2.37215
1191.19 5.13264 2.39381
1211.21 4.16842 2.41303
1231.23 3.27711 2.43245
1251.25 2.81246 2.45676
1271.27 3.003 2.46603
1291.29 3.5492 2.47713
1311.31 4.3079 2.48561
1331.33 5.23613 2.49564
1351.35 6.27408 2.49712
1371.37 7.34805 2.49479
1391.39 8.39676 2.49185
1411.41 9.37562 2.4875
1431.43 10.2516 2.4679
1451.45 10.9996 2.468
1471.47 11.5989 2.48393
1491.49 12.0088 2.52488
1511.51 12.3004 2.45309
1531.53 12.3878 2.40038
1551.55 12.2928 2.345
1571.57 12.0205 2.2602
1591.59 11.5794 2.16917
1611.61 10.9837 2.11946
1631.63 10.2286 2.12261
1651.65 9.39153 2.1528
1671.67 8.51544 2.13265
1691.69 7.59191 2.10733
1711.71 6.70025 2.09448
1731.73 5.88328 2.12262
1751.75 5.16263 2.17333
1771.77 4.54622 2.22824
1791.79 4.05331 2.2613
1811.81 3.75721 2.27648
1831.83 3.83382 2.27916
1851.85 4.32521 2.27571
1871.87 4.96411 2.30036
1891.89 5.56383 2.35132
1911.91 6.05309 2.41416
1931.93 6.40378 2.47399
1951.95 6.60583 2.51606
1971.97 6.6601 2.56586
1991.99 6.57646 2.54736
2012.01 6.37387 2.5552
2032.03 6.08146 2.55503
2052.05 5.74028 2.54885
2072.07 5.40394 2.57686
2092.09 5.13318 2.56136
2112.11 4.97906 2.5402
2132.13 4.9634 2.53557
2152.15 5.03002 2.58881
2172.17 5.25516 2.60522
2192.19 5.55396 2.62103
2212.21 5.9212 2.57522
2232.23 6.25976 2.57528
2252.25 6.56131 2.59823
2272.27 6.79481 2.62209
2292.29 6.93384 2.61564
2312.31 6.95956 2.60352
2332.33 6.86065 2.58533
2352.35 6.63285 2.54499
2372.37 6.27865 2.50922
2392.39 5.80813 2.47408
2412.41 5.24424 2.43679
2432.43 4.67424 2.36841
2452.45 4.61593 2.33352
2472.47 5.04135 2.30249
2492.49 5.47646 2.30982
2512.51 5.8421 2.35911
2532.53 6.11093 2.42042
2552.55 6.26485 2.46116
2572.57 6.29003 2.47899
2592.59 6.17562 2.49569
2612.61 5.91391 2.48327
2632.63 5.5001 2.48253
2652.65 4.87447 2.5007
2672.67 4.10746 2.51267
2692.69 3.14546 2.4988
2712.71 3.07946 2.4501
2732.73 2.8307 2.38428
2752.75 2.42546 2.3102
2772.77 1.83983 2.25867
2792.79 2.56125 2.20044
2812.81 4.02525 2.16882
2832.83 5.49831 2.17075
2852.85 6.97702 2.20405
2872.87 8.44191 2.23103
2892.89 9.87226 2.26862
2912.91 11.248 2.30904
2932.93 12.5502 2.38397
2952.95 13.7617 2.38794
2972.97 14.8677 2.40496
2992.99 15.8561 2.4181
3013.01 16.7178 2.45989
3033.03 17.4197 2.57421
3053.05 18.0152 2.63435
3073.07 18.4988 2.57778
3093.09 18.8251 2.58079
3113.11 19.0248 2.5746
3133.13 19.1047 2.5685
3153.15 19.0309 2.67768
3173.17 18.8954 2.63901
3193.19 18.6635 2.56802
3213.21 18.3411 2.5388
3233.23 17.9329 2.54452
3253.25 17.4418 2.56841
3273.27 16.9116 2.53402
3293.29 16.2629 2.56096
3313.31 15.5387 2.57927
3333.33 14.7447 2.55398
3353.35 13.8962 2.54059
3373.37 13.0618 2.53199
3393.39 12.4875 2.50361
3413.41 12.0509 2.47202
3433.43 11.5251 2.45485
3453.45 10.8714 2.45205
3473.47 10.0888 2.45032
3493.49 9.1891 2.45947
3513.51 8.19543 2.49161
3533.53 7.14389 2.48917
3553.55 6.08859 2.4848
3573.57 5.10921 2.49314
3593.59 4.31993 2.51113
3613.61 3.93391 2.517
3633.63 4.29324 2.48205
3653.65 5.11214 2.44621
3673.67 6.10881 2.40428
3693.69 7.15142 2.35026
3713.71 8.15778 2.30816
3733.73 9.07204 2.26211
3753.75 9.85439 2.22743
3773.77 10.4761 2.21609
3793.79 10.9172 2.23042
3813.81 11.1651 2.25542
3833.83 11.2142 2.28359
3853.85 11.0664 2.31495
3873.87 10.7313 2.32266
3893.89 10.2292 2.31616
3913.91 9.59762 2.29962
3933.93 8.91048 2.28733
3953.95 8.32162 2.28109
3973.97 8.04266 2.29151
3993.99 8.06289 2.31921
4014.01 8.1729 2.3513
4034.03 8.23591 2.37757
4054.05 8.19401 2.38388
4074.07 8.0246 2.38796
4094.09 7.72204 2.42059
4114.11 7.29179 2.46906
4134.13 6.68972 2.56073
4154.15 6.02267 2.6326
4174.17 5.77436 2.61541
4194.19 6.05341 2.6335
4214.21 6.38015 2.59866
4234.23 6.59164 2.53638
4254.25 6.68449 2.47276
4274.27 6.68354 2.40911
4294.29 6.62891 2.3739
4314.31 6.56803 2.3642
4334.33 6.53988 2.37476
4354.35 6.55582 2.40005
4374.37 6.59412 2.42759
4394.39 6.61452 2.46715
4414.41 6.57745 2.49378
4434.43 6.45664 2.49104
4454.45 6.25329 2.47401
4474.47 6.08542 2.45502
4494.49 6.42265 2.41082
4514.51 7.06983 2.3949
4534.53 7.68736 2.42641
4554.55 8.20178 2.47995
4574.57 8.58695 2.52976
4594.59 8.82994 2.53236
4614.61 8.92558 2.52517
4634.63 8.87575 2.53016
4654.65 8.69019 2.55314
4674.67 8.38977 2.57011
4694.69 8.01527 2.58236
4714.71 7.65095 2.59728
4734.73 7.45476 2.60094
4754.75 7.54948 2.58795
4774.77 7.82704 2.56711
4794.79 8.1264 2.5427
4814.81 8.36819 2.50608
4834.83 8.52519 2.46271
4854.85 8.59506 2.42102
4874.88 8.5898 2.39773
4894.89 8.53105 2.40195
4914.91 8.44592 2.43554
4934.93 8.36097 2.46375
4954.96 8.29515 2.50288
4974.97 8.25585 2.55532
4994.99 8.24147 2.61408
5015.01 8.24941 2.6536
5035.04 8.28426 2.67746
5055.05 8.362 2.69336
5075.07 8.50765 2.70092
5095.09 8.74422 2.68847
5115.12 9.07738 2.64135
5135.13 9.4881 2.59538
5155.15 9.94014 2.5557
5175.17 10.3933 2.51216
5195.2 10.8123 2.44597
5215.21 11.1697 2.3852
5235.23 11.4458 2.35279
5255.25 11.6274 2.33727
5275.28 11.7072 2.32906
5295.29 11.6824 2.32936
5315.31 11.555 2.32864
5335.33 11.3309 2.32686
5355.36 11.0202 2.31659
5375.38 10.6369 2.29612
5395.39 10.1987 2.27505
5415.42 9.7039 2.25714
5435.44 9.22118 2.25264
5455.46 8.75335 2.28923
5475.47 8.32451 2.33969
5495.5 7.95487 2.37987
5515.52 7.62636 2.44472
5535.54 7.43791 2.44866
5555.55 7.33638 2.42912
5575.58 7.26076 2.43829
5595.6 7.2358 2.44619
5615.62 7.24823 2.45628
5635.63 7.29047 2.46891
5655.66 7.36459 2.49012
5675.68 7.46588 2.51541
5695.7 7.20759 2.59013
5715.71 6.91294 2.65366
5735.74 6.91355 2.68495
5755.76 7.28658 2.66891
5775.78 7.07682 2.67042
5795.79 6.78288 2.64062
5815.82 6.41405 2.62754
5835.84 5.97964 2.62842
5855.86 5.32985 2.65661
5875.88 4.80139 2.63359
5895.9 4.36947 2.60361
5915.92 3.7577 2.58057
5935.94 3.20173 2.52415
5955.96 2.5584 2.53152
5975.98 1.91335 2.50994
5996 1.27463 2.50253
6016.02 0.600238 2.47919
6036.04 0.188424 2.45275
6056.06 0.826261 2.44592
6076.08 1.23416 2.43285
6096.1 1.63551 2.43498
6116.12 2.00043 2.38565
6136.14 2.29414 2.36954
6156.16 2.55495 2.37619
6176.18 2.73612 2.39676
6196.2 2.86149 2.40058
6216.22 2.95205 2.3932
6236.24 3.04682 2.39222
6256.26 3.19732 2.41402
6276.28 3.43474 2.42487
6296.3 3.74349 2.41937
6316.32 4.08319 2.4352
6336.34 4.4165 2.44926
6356.36 4.71581 2.45232
6376.38 4.96129 2.47339
6396.4 5.13856 2.5053
6416.42 5.23741 2.54505
6436.44 5.251 2.58161
6456.46 5.17551 2.62559
6476.48 5.00973 2.67865
6496.5 4.75415 2.71306
6516.52 4.59244 2.72099
6536.54 4.88911 2.68708
6556.56 5.0908 2.61725
6576.58 5.19612 2.54699
6596.6 5.20083 2.49369
6616.62 5.10296 2.45985
6636.64 4.90328 2.43529
6656.66 4.60537 2.42275
6676.68 4.21591 2.41342
6696.7 3.74576 2.40628
6716.72 3.21722 2.3867
6736.74 2.82027 2.35199
6756.76 3.29829 2.31881
6776.78 3.9344 2.32027
6796.8 4.55701 2.32933
6816.82 5.12154 2.37633
6836.84 5.69222 2.41287
6856.86 6.22622 2.41139
6876.88 6.72329 2.43617
6896.9 7.18345 2.44244
6916.92 7.60725 2.4533
6936.94 7.99607 2.47496
6956.96 8.35076 2.49549
6976.98 8.69706 2.51404
6997 8.99188 2.54151
7017.02 9.25593 2.57351
7037.04 9.48876 2.61014
7057.06 9.68876 2.64218
7077.08 9.85325 2.6606
7097.1 9.97836 2.67841
7117.12 10.0591 2.69958
7137.14 10.0898 2.72633
7157.16 10.064 2.75004
7177.18 9.97499 2.77107
7197.2 9.81585 2.75278
7217.22 9.5801 2.73406
7237.24 9.26198 2.70424
7257.26 8.85696 2.65964
7277.28 8.36278 2.61976
7297.3 7.78084 2.57726
7317.32 7.12047 2.56196
7337.34 6.41279 2.57325
7357.36 5.76025 2.60277
7377.38 5.35884 2.60898
7397.4 5.1606 2.60091
7417.42 4.98674 2.57552
7437.44 4.78243 2.5534
7457.46 4.56165 2.53033
7477.48 4.40886 2.49604
7497.5 4.56283 2.45265
7517.52 5.25569 2.39917
7537.54 6.27036 2.35198
7557.56 7.36475 2.32491
7577.58 8.43837 2.31426
7597.6 9.44406 2.31269
7617.62 10.3534 2.29284
7637.64 11.1467 2.26263
7657.66 11.81 2.25041
7677.68 12.3348 2.24803
7697.7 12.7177 2.25842
7717.72 12.9609 2.26825
7737.74 13.0721 2.25976
7757.76 13.0645 2.25517
7777.78 12.957 2.27265
7797.8 12.7731 2.3125
7817.82 12.5407 2.37111
7837.84 12.29 2.42624
7857.86 12.0517 2.46735
7877.88 11.8544 2.5065
7897.9 11.7201 2.46946
7917.92 11.6613 2.42406
7937.94 11.678 2.39552
7957.96 11.757 2.37199
7977.98 11.8705 2.36236
7998 11.9986 2.34661
8018.02 12.0975 2.32315
8038.04 12.1397 2.29502
8058.06 12.0987 2.29053
8078.08 11.9541 2.294
8098.1 11.6929 2.27632
8118.12 11.3087 2.24478
8138.14 10.8027 2.20182
8158.16 10.1732 2.15934
8178.18 9.4637 2.09197
8198.2 8.66606 2.04178
8218.22 7.81668 2.01197
8238.24 6.9485 2.00276
8258.26 6.1005 2.00972
8278.28 5.31922 2.00886
8298.3 4.66159 2.02664
8318.32 4.19644 2.06104
8338.34 3.98601 2.09879
8358.36 4.03019 2.11399
8378.38 4.24729 2.1425
8398.4 4.53691 2.18146
8418.42 4.82844 2.23739
8438.44 5.06786 2.32911
8458.46 5.29313 2.41618
8478.48 5.46122 2.44371
8498.5 5.60994 2.42127
8518.52 5.76768 2.39051
8538.54 5.96026 2.3585
8558.56 6.16496 2.37997
8578.58 6.45731 2.39616
8598.6 6.79152 2.39155
8618.62 7.15286 2.38311
8638.64 7.52269 2.43361
8658.66 7.91563 2.45868
8678.68 8.23614 2.45375
8698.7 8.49622 2.42386
8718.72 8.67222 2.40483
8738.74 8.74273 2.41624
8758.76 8.68989 2.44843
8778.78 8.50078 2.4892
8798.8 8.16789 2.51223
8818.82 7.69042 2.51566
8838.84 7.07501 2.51811
8858.86 6.33808 2.50989
8878.88 5.51288 2.50452
8898.9 4.67181 2.49014
8918.92 3.98788 2.47888
8938.94 3.67231 2.47506
8958.96 3.63964 2.48139
8978.98 3.72167 2.50975
8999 3.85398 2.55402
9019.02 4.03569 2.59959
9039.04 4.35794 2.64888
9059.06 4.94648 2.70588
9079.08 5.59103 2.75853
9099.1 6.12601 2.78722
9119.12 6.50169 2.77454
9139.14 6.6994 2.72036
9159.16 6.71415 2.65637
9179.18 6.55255 2.60018
9199.2 6.23738 2.55988
9219.22 5.82062 2.52653
9239.24 5.40401 2.50398
9259.26 5.1012 2.45366
9279.28 4.92472 2.41279
9299.3 4.72591 2.44989
9319.32 4.68918 2.43498
9339.34 4.78259 2.34799
9359.36 4.87218 2.33124
9379.38 5.11105 2.31901
9399.4 5.55309 2.35315
9419.42 6.14381 2.40983
9439.44 6.75607 2.47656
9459.46 7.29076 2.49529
9479.48 7.69036 2.50278
9499.5 7.92219 2.50043
9519.52 7.9681 2.4758
9539.54 7.81993 2.47094
9559.56 7.45963 2.49964
9579.58 6.92815 2.50162
9599.6 6.24151 2.48234
9619.62 5.37851 2.4667
9639.64 4.38047 2.43298
9659.66 3.27282 2.39397
9679.68 2.07714 2.3409
9699.7 0.710883 2.31391
9719.72 0.887763 2.28579
9739.74 1.76104 2.24425
9759.76 2.89869 2.20965
9779.78 3.99483 2.19297
9799.8 4.99491 2.16806
9819.82 5.86941 2.14737
9839.84 6.59626 2.12783
9859.86 7.15917 2.12217
9879.88 7.54114 2.12246
9899.9 7.74822 2.11752
9919.92 7.77982 2.10135
9939.94 7.62907 2.11799
9959.96 7.31185 2.15749
9979.98 6.84316 2.17376
10000 6.24331 2.22162
